00001100110011001100110011001100110011001100110011001100000000000000000000000000
00001100110011001100110011001100110011001100110011001100000000000000000000000000
00000000000000000000000000000000000000000000000000000000000000000000000000000000
00111111111111111111111111111111111111111111111111111111000000000000000000000000
01000000100000000000000000000000000000000000000000000000100000000000000000000000
10111110000111111111111111111111111111111111111111111111010000000000000000000000
01000001000000000000000000000000000000000000000000000000100000000000000000000000
00111111111111111111111111111111111111111111111111111111000000000000000000000000
00000000000000000000000000000000000000000000000000000000000000000000000000000000
00001100110011001100110011001100110011001100110011001100000000000000000000000000
00001100110011001100110011001100110011001100110011001100000000000000000000000000
00000000000000000000000000000000000000000000000000000000000000000000000000000000
00000000000000000000000000000000000000000000000000000000000000000000000000000000
00000000000000000000000000000000000000000000000000000000000000000000000000000000
00000000000000000000000000000000000000000000000000000000000000000000000000000000
00000000000000000000000000000000000000000000000000000000000000000000000000000000
00000000000000000000000000000000000000000000000000000000000000000000000000000000
00000000000000000000000000000000000000000000000000000000000000000000000000000000
00000000000000000000000000000000000000000000000000000000000000000000000000000000
00000000000000000000000000000000000000000000000000000000000000000000000000000000
00000000000000000000000000000000000000000000000000000000000000000000000000000000
00000000000000000000000000000000000000000000000000000000000000000000000000000000
00000000000000000000000000000000000000000000000000000000000000000000000000000000
00000000000000000000000000000000000000000000000000000000000000000000000000000000
00000000000000000000000000000000000000000000000000000000000000000000000000000000
