00011000000001100000000000000000000000000000000000000000000000000000000000000000
00010100000010100000000000000000000000000000000000000000000000000000000000000000
00000100000010000000000000000000000000000000000000000000000000000000000000000000
00010110000110100000000000000000000000000000000000000000000000000000000000000000
01110000000000111000000000000000000000000000000000000000000000000000000000000000
10001010000101000100000000000000000000000000000000000000000000000000000000000000
01110000000000111000000000000000000000000000000000000000000000000000000000000000
00010110000110100000000000000000000000000000000000000000000000000000000000000000
00000100000010000000000000000000000000000000000000000000000000000000000000000000
00010100000010100000000000000000000000000000000000000000000000000000000000000000
00011000000001100000000000000000000000000000000000000000000000000000000000000000
00000000000000000000000000000000000000000000000000000000000000000000000000000000
00000000000000000000000000000000000000000000000000000000000000000000000000000000
00000000000000000000000000000000000000000000000000000000000000000000000000000000
00000000000000000000000000000000000000000000000000000000000000000000000000000000
00000000000000000000000000000000000000000000000000000000000000000000000000000000
00000000000000000000000000000000000000000000000000000000000000000000000000000000
00000000000000000000000000000000000000000000000000000000000000000000000000000000
00000000000000000000000000000000000000000000000000000000000000000000000000000000
00000000000000000000000000000000000000000000000000000000000000000000000000000000
00000000000000000000000000000000000000000000000000000000000000000000000000000000
00000000000000000000000000000000000000000000000000000000000000000000000000000000
00000000000000000000000000000000000000000000000000000000000000000000000000000000
00000000000000000000000000000000000000000000000000000000000000000000000000000000
00000000000000000000000000000000000000000000000000000000000000000000000000000000
