00000000000000000000000000000000000000000000000000000000000000000000000000000000
00000000000000000000000000000000000000000000000000000000000000000000000000000000
00000000100000000000000000000000000000000000000000000000000000000000000000000000
00000001010000000000000000000100000000000000000000000000001000000000000000000000
00000000110000000000000000001010000000000011000000000000010100000000000000000000
00000000001100000000000000000110000000000010100000000000001100000000000000000000
00000000001010000000000000000001100000000000100000000000000011000000000000000000
00000000000100000000000000000001010000000000110000000000000010100000000000000000
00000000000000000000000000000000100000000000000000000000000001000000000000000000
00000011000000000000000000000000000000000000000000000000000000000000000000000000
00000010010000000011000000000000000000000000000000000000000000000000000100000000
00000000110000000001000000000000000000000011000000000000000000000000001010000000
00000000000000000010000000000000000000000100100000000000000110000000000101000000
00000000000000010100000000000000000000000010010000000000001001000000000010000000
00000000000000011000000000000000000000000001100000000000001001000000000000000000
00000000000000000000000000000011000000000000000000000000000110000000000000000000
00000000000000000000000000000011000000000000000000000000000000000000000000000000
00000000000000000000000000000000000000000000000000000000000000000000110000000000
00000000000000000000000001100000000000110100000000000000000000000001010000000000
00000001100000000000000000100000000000101100000000000110000000000001000000000000
00000001001000000000000001000000000000000000000000001010000000000101000000000000
00000000011000000000001010000000000000000000000000001000000000000110000000000000
00000000000000000000001100000000000000000000000000101000000000000000000000000000
00000000000000000000000000000000000000000000000000110000000000000000000000000000
00000000000000000000000000000000000000000000000000000000000000000000000000000000
