00000000000000000000000000000000000000000000000000000000000000000000000000000000
00000000000000000000000000000000000000000000000000000000000000000000000000000000
00000000000000000000000000000000000000000000000000000000000000000000000000000000
00000000000000000000000000000000000000000000000000000000000000000000000000000000
00000000000000000000000000000000000000000000000000000000000000000000000000000000
00000000000001100000000000000000000000000000000000000000000000000000000000000000
00000000000011011000000000000000000000000000000000000000000000000000000000000000
00000000000001111000000000000000000000000000000000000000000000000000000000000000
00000000000000110000000000000000000000000000000000000000000000000000000000000000
00000000000000000000000000000000000000000000000000000000000000000000000000000000
00000000000000111110000000000000000000000000000000000000000000000000000000000000
00000000000001111111000000000000000000000000000000000000000000000000000000000000
00000000000011011111000000000000000000000000000000000000000000000000000000000000
00000000000001100000000000000000000000000000000000000000000000000000000000000000
00000000000000000000000000000000000000000000000000000000000000000000000000000000
00000000000000000001010000011000000000000000000000000000000000000000000000000000
00000000000000000100001000100100000000000000000000000000000000000000000000000000
00000000000000000110000010100100000000000000000000000000000000000000000000000000
00000000000010010011110100011000000000000000000000000000000000000000000000000000
00000000000100000001100000000000000000000000000000000000000000000000000000000000
00000000000100010000000000000000000000000000000000000000000000000000000000000000
00000000000111100000000000000000000000000000000000000000000000000000000000000000
00000000000000000000000000000000000000000000000000000000000000000000000000000000
00000000000000000000000000000000000000000000000000000000000000000000000000000000
00000000000000000000000000000000000000000000000000000000000000000000000000000000
